n_obs <- 126
n_events <- 8
n_sites <- 2
do_flux <- 
c(-0.00496378830083565, -0.015486033519553, -0.0121675977653632,
-0.0171932773109243, -0.0160840336134453, -0.0231643454038997, -0.0116797752808988,
-0.0237821229050279, -0.00504815864022662, -0.0177977528089888, -0.0144736842105263,
-0.035110465116279, -0.0121935483870968, -0.0161162790697674, -0.0069882352941177,
-0.0272105263157895, -0.00465882352941177, -0.00565714285714288, 0.00120977596741342,
-0.00242944785276068, -0.00931288343558284, -0.00855555555555552, -0.000407407407407399,
-0.00122474226804128, -0.00731827515400409, 0.00611111111111113, -0.0142886597938145,
0.0126556701030928, -0.00857319587628869, 0.00821576763485474, -0.00123236514522819, -0.017325,
0.00374369747899159, 0.00613636363636365, 0.00262831858407082, 0.0136703786191537, 0.01144,
0.025248322147651, -0.00753020134228188, 0.0156081081081081, 0.0287276785714285,
0.0249168539325843, 0.0126, -0.010726862302483, 0.0121776765375854, 0.02025, 0.0266712328767123,
0.0135926773455377, -0.0068119266055046, 0.00456221198156689, 0.0145655172413793,
-0.00246728971962623, 0.0166542056074766, 0.00804375000000005, 0.00311320754716986,
-0.0299810725552051, 0.0350886075949367, 0.0218611987381703, 0.0187381703470032,
0.0199873817034701, -0.0186792452830189, 0.051358361774744, 0.0508561643835617,
0.0466279863481229, 0.0378430034129693, -0.015542662116041, -0.0147446808510639,
0.0356819787985866, 0.0048975265017668, -0.0236210526315789, 0.0145894736842106,
-0.009938223938224, -0.0228461538461539, -0.0282857142857143, -0.00758885017421599,
-0.00553846153846154, -0.0475200000000001, -0.0300960000000001, -0.0149880478087649,
-0.00568421052631567, -0.000785714285714269, -0.0365783132530121, 0.00591044776119403,
0.00369402985074619, 0.0110820895522388, 0.00806666666666662, -0.0206865671641791,
0.0161933085501859, 0.0331226765799256, 0.00146125461254622, 0.0378202247191011,
-0.0306863468634686, 0.0378529411764706, 0.0138308823529411, 0.0116470588235294,
-0.0152867647058823, -0.0291176470588236, 0.00956877323420067, 0.0146125461254613,
0.0385519848771266, 0.0328114285714286, 0.04125, 0.0610094517958412, -0.00485660377358487,
0.0346971428571429, 0.0627622641509434, 0.0542053231939164, 0.0627622641509434,
-0.0339428571428571, 0.0415463137996219, 0.0426171428571429, 0.037054820415879,
0.0455172413793104, -0.0321283018867924, 0.0137076923076923, 0.0282319391634981,
-0.00211538461538457, -0.0190384615384615, 0.000844349680170558, -0.00336305732484077,
-0.00631914893617023, -0.0114475374732334, -0.0135384615384616, -0.0198, -0.00886567164179108,
-0.00634615384615386)
temp <- 
c(13.5, 13.4, 13.45, 13.35, 13.45, 13.25, 13.35, 13.15, 13.4, 13.25, 13.55, 13.4, 13.3,
13.15, 13.45, 13.4, 13.6, 13.05, 12.9, 13.05, 12.95, 13.05, 13.05, 13.05, 12.95, 13.1, 13, 13.2,
12.95, 13.15, 13, 13.25, 13.05, 13.25, 12.8, 12.8, 12.95, 12.45, 13, 12.75, 13.05, 12.75, 12.3,
12.35, 13.55, 13.05, 12.8, 12.05, 12.4, 12.25, 12.65, 14.8, 14.7, 14.75, 14.7, 14.8, 14.75,
14.8, 14.8, 14.75, 14.8, 14.9, 14.85, 14.85, 14.85, 14.9, 14.3, 14.3, 14.2, 14.1, 13.9, 14.1,
13.85, 13.95, 13.8, 13.75, 13.8, 13.9, 14.05, 13.7, 13.55, 13.7, 13.6, 13.5, 13.55, 13.25, 13.4,
13.35, 13.4, 13.25, 13.35, 13.35, 13.45, 13.2, 13.4, 13.2, 13.5, 13.3, 13.55, 12.4, 12.25,
12.15, 12.05, 12.4, 12.05, 12.35, 11.9, 12.2, 11.9, 12.65, 11.8, 12.25, 11.85, 12.305, 12.5,
12.6, 11.65, 11.45, 11.45, 11.45, 11.45, 11.5, 11.5, 11.5, 11.5, 11.6)
par <- 
c(39.8459758979095, 29.3981964192959, 16.585291053914, 9.05918971111468, 0,
39.8459758979095, 29.3981964192959, 16.585291053914, 9.05918971111468, 0, 39.8459758979095,
29.3981964192959, 16.585291053914, 9.05918971111468, 0, 39.8459758979095, 39.8459758979095,
148.400819251596, 80.7809092402516, 25.7106796563024, 7.67089558984985, 0, 148.400819251596,
80.7809092402516, 25.7106796563024, 7.67089558984985, 0, 148.400819251596, 80.7809092402516,
25.7106796563024, 7.67089558984985, 0, 148.400819251596, 148.400819251596, 337.893312026209,
249.296289822684, 140.643033552095, 76.821800615577, 0, 337.893312026209, 249.296289822684,
140.643033552095, 76.821800615577, 0, 337.893312026209, 249.296289822684, 140.643033552095,
76.821800615577, 0, 337.893312026209, 337.893312026209, 131.894607243304, 97.3112963858407,
54.8991560697762, 29.9869244500732, 0, 131.894607243304, 97.3112963858407, 54.8991560697762,
29.9869244500732, 0, 131.894607243304, 97.3112963858407, 54.8991560697762, 29.9869244500732, 0,
431.57404367704, 318.4135466526, 179.636235890858, 144.574190821969, 0, 431.57404367704,
318.4135466526, 179.636235890858, 144.574190821969, 0, 431.57404367704, 318.4135466526,
179.636235890858, 144.574190821969, 0, 431.57404367704, 140.024340808392, 103.309380227365,
58.2830359805914, 31.8352616286041, 0, 140.024340808392, 103.309380227365, 58.2830359805914,
31.8352616286041, 0, 140.024340808392, 103.309380227365, 58.2830359805914, 31.8352616286041, 0,
140.024340808392, 140.024340808392, 231.617478770949, 170.886419057631, 96.4073086936611,
52.6594375796474, 0, 231.617478770949, 170.886419057631, 96.4073086936611, 52.6594375796474, 0,
231.617478770949, 170.886419057631, 96.4073086936611, 52.6594375796474, 0, 231.617478770949,
231.617478770949, 402.944706300224, 297.290939799794, 167.719702730979, 91.6115731941359, 0,
402.944706300224, 297.290939799794, 167.719702730979, 91.6115731941359, 0)
event <- 
c(1, 1, 1, 1, 1, 1, 1, 1, 1, 1, 1, 1, 1, 1, 1, 1, 1, 2, 2, 2, 2, 2, 2, 2, 2, 2, 2, 2,
2, 2, 2, 2, 2, 2, 3, 3, 3, 3, 3, 3, 3, 3, 3, 3, 3, 3, 3, 3, 3, 3, 3, 4, 4, 4, 4, 4, 4, 4, 4, 4,
4, 4, 4, 4, 4, 4, 5, 5, 5, 5, 5, 5, 5, 5, 5, 5, 5, 5, 5, 5, 5, 5, 6, 6, 6, 6, 6, 6, 6, 6, 6, 6,
6, 6, 6, 6, 6, 6, 6, 7, 7, 7, 7, 7, 7, 7, 7, 7, 7, 7, 7, 7, 7, 7, 7, 7, 8, 8, 8, 8, 8, 8, 8, 8,
8, 8)
event_site <- 
c(1, 1, 1, 1, 2, 2, 2, 2)
