n_obs <- 158
n_events <- 11
n_sites <- 3
do_flux <- 
c(0.0183181818181818, 0.0249347826086957, 0.02275,
-0.0409931506849315, -0.07068, 0.0703448275862069, 0.0117317073170732,
0.00275806451612914, -0.0520629921259843, -0.0728702290076336,
0.0748484848484849, 0.0566557377049181, 0.0282857142857143,
-0.000887999999999981, -0.0533467741935484, 0.0525714285714286,
0.0624843749999997, -0.00548437499999988, -0.0510923076923076,
-0.183238095238095, 0.101909090909091, 0.0277846153846151, 0.162985074626866,
-0.0125373134328359, -0.0951176470588234, 0.174705882352941, 0.183223880597015,
-0.182149253731343, -0.0463304347826086, -0.0258053097345135,
-0.0839473684210526, -0.0218793103448278, -0.0329999999999998,
0.0325862068965517, 0.0512068965517241, 0.00941379310344807, -0.0248275862068966,
-0.061448275862069, 0.0415423728813558, 0.0256034482758619, 0.029076923076923,
0.00490434782608685, -0.0498655462184874, 0.04731, 0.0260000000000001,
-0.0032412060301508, -0.0108181818181818, -0.011713567839196, 0.0343272727272728,
0.00799999999999995, 0.0187989949748744, -0.0371212121212121,
-0.0122412060301508, 0.04731, 0.0476683417085427, 0.0143030303030303, -0.036,
-0.0630452261306532, 0.117948717948718, 0.0607758620689655, 0.0453879310344827,
0.0609557522123892, -0.0262241379310346, 0.0125357142857144, 0.0663982300884955,
0.0144375000000002, 0.0427304347826088, -0.0237837837837837, 0.087157894736842,
0.0949909090909089, 0.0554867256637167, 0.066, -0.0357567567567567, 0.0272,
0.019090909090909, -0.00934337349397586, -0.00253734939759046,
-0.0503132530120482, 0.0361508982035928, 0.000840718562874234,
-0.0218586826347305, -0.0247904191616767, -0.0367714285714287,
0.0523525423728814, 0.0222101694915255, 0.0465370786516854, -0.0229887640449437,
-0.0256011235955057, 0.0998142857142856, -0.0259090909090908,
-0.0374193548387098, 0.0245454545454545, -0.127636363636364, -0.2632, -0.0392,
-0.186923076923077, -0.15032967032967, -0.278283870967742, 0.213458823529412,
0.194823529411765, 0.144529411764706, 0.11885393258427, -0.0458181818181816,
0.130651685393258, 0.237, 0.154550561797753, 0.224831460674157,
-0.0773181818181819, 0.221023255813953, 0.192272727272727, 0.196186046511628,
0.143795454545455, -0.134863636363636, 0.174443181818182, 0.1242, 0.1151625,
-0.0407647058823529, -0.111219512195122, 0.252068965517241, 0.0217021276595745,
0.0138749999999999, 0.0561521739130435, -0.0838636363636363, 0.131096774193548,
0.1428, 0.0363870967741936, 0.109173913043478, -0.0692258064516129, 0.0615,
0.0809999999999999, 0.0415384615384615, 0.0825000000000001, -0.0661538461538464,
0.0375, 0.0815384615384617, 0.0689999999999999, 0.105974025974026,
-0.0698734177215191, 0.121558441558441, 0.0661538461538461, 0.0436363636363635,
0.0978947368421054, -0.0292307692307692, 0.0935403726708075, 0.0559811320754717,
0.159493670886076, 0.0250064516129032, -0.0611612903225807, 0.122549019607843,
0.0434210526315789, 0.06392, 0.0139199999999999, -0.0826688741721853,
0.0730263157894737, 0.023607843137255, 0.037625806451613, 0.00685714285714293,
-0.0494129032258065)
temp <- 
c(12.85, 12.85, 12.75, 12.8, 12.7, 12.85, 12.9, 12.8, 12.75, 12.7,
12.85, 12.8, 12.85, 12.85, 12.8, 15.15, 14.85, 15.05, 14.65, 14.85, 14.8, 15,
14.8, 14.85, 14.7, 15.15, 15, 15, 13.5, 12.95, 12.95, 12.55, 13.35, 13.6, 13.05,
12.85, 12.1, 13.3, 13.65, 12.95, 12.95, 12.25, 13.4, 13.15, 13.2, 13.2, 13.25,
13.2, 13.25, 13.2, 13.2, 13.15, 13.2, 13.35, 13.25, 13.05, 13.35, 13.1, 13.35,
12.75, 12.9, 12.6, 12.75, 12.5, 12.75, 12.45, 12.6, 12.5, 12.8, 12.6, 13.05,
12.6, 12.75, 13.05, 13.35, 13.25, 13.35, 13.4, 13.35, 13.35, 13.4, 13.45, 13.4,
13.4, 13.45, 13.4, 13.45, 13.4, 12.05, 14.17, 14.45, 14.4, 14.85, 14.55, 14.5,
14.65, 14.6, 14.3, 13.6, 13.75, 13.15, 13.5, 13.4, 13.35, 13.15, 13.3, 13.1,
13.45, 13.3, 13.5, 13.2, 13.4, 13.45, 13.6, 13.15, 13.2, 13.1, 13.2, 13.3, 13.55,
13.15, 13.25, 13.05, 13.35, 13.1, 13.25, 13.05, 13.2, 13.5, 14.1, 13.5, 13.2,
14.5, 13.1, 13.05, 13.4, 13.4, 13.4, 14.7, 13.55, 13.05, 13.35, 14.3, 11.7, 11.6,
11.6, 11.5, 11.5, 11.6, 11.5, 11.55, 11.6, 11.6, 11.65, 11.4, 11.4, 11.4, 11.35)
par <- 
c(123.687175060064, 67.3282163339723, 21.4290012117174, 6.39343778878114,
0, 123.687175060064, 67.3282163339723, 21.4290012117174, 6.39343778878114, 0,
123.687175060064, 67.3282163339723, 21.4290012117174, 6.39343778878114, 0,
944.613225332275, 696.931735584364, 393.181116096951, 214.762726199459, 0,
944.613225332275, 696.931735584364, 393.181116096951, 214.762726199459, 0,
944.613225332275, 696.931735584364, 0, 80.89700599497, 59.6854768488142,
33.672167881003, 18.3923547574114, 0, 80.89700599497, 59.6854768488142,
33.672167881003, 18.3923547574114, 0, 80.89700599497, 59.6854768488142,
33.672167881003, 18.3923547574114, 0, 185.746747781369, 101.109894472751,
32.1809215979475, 9.60132104102072, 0, 185.746747781369, 101.109894472751,
32.1809215979475, 9.60132104102072, 0, 185.746747781369, 101.109894472751,
32.1809215979475, 9.60132104102072, 0, 453.494976123764, 334.586720059472,
188.760495909827, 103.104439762464, 0, 453.494976123764, 334.586720059472,
188.760495909827, 103.104439762464, 0, 453.494976123764, 334.586720059472,
188.760495909827, 103.104439762464, 0, 74.0318170280164, 54.6203687881361,
30.8146357314888, 16.8315183654598, 0, 74.0318170280164, 54.6203687881361,
30.8146357314888, 16.8315183654598, 0, 74.0318170280164, 54.6203687881361,
30.8146357314888, 16.8315183654598, 0, 68.8754289932856, 165.472446320257,
122.084887351436, 68.8754289932856, 37.6210206776764, 0, 122.084887351436,
68.8754289932856, 37.6210206776764, 0, 387.880487028025, 286.17662104896,
161.449446939791, 129.937164593876, 0, 387.880487028025, 286.17662104896,
161.449446939791, 129.937164593876, 0, 387.880487028025, 286.17662104896,
161.449446939791, 129.937164593876, 0, 199.306443096854, 147.047470409676,
82.9583237251093, 45.3133556896171, 0, 199.306443096854, 147.047470409676,
82.9583237251093, 45.3133556896171, 0, 199.306443096854, 147.047470409676,
82.9583237251093, 45.3133556896171, 0, 512.653443213248, 378.233592702698,
213.38432235334, 116.554424718422, 0, 512.653443213248, 378.233592702698,
213.38432235334, 116.554424718422, 0, 512.653443213248, 378.233592702698,
213.38432235334, 116.554424718422, 0, 342.079003766458, 252.38447589813,
142.385265087643, 77.773439386938, 0, 342.079003766458, 252.38447589813,
142.385265087643, 77.773439386938, 0, 342.079003766458, 252.38447589813,
142.385265087643, 77.773439386938, 0)
event <- 
c(1, 1, 1, 1, 1, 1, 1, 1, 1, 1, 1, 1, 1, 1, 1, 2, 2, 2, 2, 2, 2, 2, 2,
2, 2, 2, 2, 2, 3, 3, 3, 3, 3, 3, 3, 3, 3, 3, 3, 3, 3, 3, 3, 4, 4, 4, 4, 4, 4, 4,
4, 4, 4, 4, 4, 4, 4, 4, 5, 5, 5, 5, 5, 5, 5, 5, 5, 5, 5, 5, 5, 5, 5, 6, 6, 6, 6,
6, 6, 6, 6, 6, 6, 6, 6, 6, 6, 6, 7, 7, 7, 7, 7, 7, 7, 7, 7, 7, 8, 8, 8, 8, 8, 8,
8, 8, 8, 8, 8, 8, 8, 8, 8, 9, 9, 9, 9, 9, 9, 9, 9, 9, 9, 9, 9, 9, 9, 9, 10, 10,
10, 10, 10, 10, 10, 10, 10, 10, 10, 10, 10, 10, 10, 11, 11, 11, 11, 11, 11, 11,
11, 11, 11, 11, 11, 11, 11, 11)
event_site <- 
c(1, 1, 2, 2, 2, 2, 2, 3, 3, 3, 3)
